1.201178380484112154e+02
1.227161480117443944e+02
1.251714941354725852e+02
1.274870687741559436e+02
1.296675385248248062e+02
1.317186091871363374e+02
1.336466592759276182e+02
1.354584430095388825e+02
1.371608579798885330e+02
9.473012877857621561e+01
9.706473534953028093e+01
9.937601179621367464e+01
1.016569192092796357e+02
1.039009851644737523e+02
1.061023942293834921e+02
1.082560511467640936e+02
1.103576165573296066e+02
1.124035168355279097e+02
1.143909309429439531e+02
3.937500868430993251e+01
4.195747445685361754e+01
4.482748789232397257e+01
4.801885179300364825e+01
5.156529703910166518e+01
5.549749594649654227e+01
5.983854029483723025e+01
6.459779038901911008e+01
6.976356097428794101e+01
7.529603605097116770e+01
1.104077826681061651e+02
1.125293544297595645e+02
1.145877215929002659e+02
1.165805960388755977e+02
1.185064651579273800e+02
1.203645207573954110e+02
1.221545802576182211e+02
1.238770046618662377e+02
1.255326169698905687e+02
1.271226238485840270e+02
8.330181070957382872e+01
8.514799120805889743e+01
8.700432308102648449e+01
8.886696902038499957e+01
9.073201240767249942e+01
9.259550629899703722e+01
9.445352336342932631e+01
9.630220520414962948e+01
9.813780952763710275e+01
4.146198810111226862e+01
4.323978499075707305e+01
4.514314510164015815e+01
4.718118415894815598e+01
4.936298402597338963e+01
5.169727848526528646e+01
5.419203317196712533e+01
5.685390712766718480e+01
5.968759281825691687e+01
1.141304017253135896e+02
1.159347969094542066e+02
1.176855805311531640e+02
1.193819838795495514e+02
1.210236661045759092e+02
1.226106670416942279e+02
1.241433593245061786e+02
1.256224013356964235e+02
1.270486921885668892e+02
7.014439703473334475e+01
7.229158585884761123e+01
7.449139539709267410e+01
7.673907345675573310e+01
7.902907233956119626e+01
8.135509556402502085e+01
8.371017481121208448e+01
8.608677631896895832e+01
8.847693370881503938e+01
1.283557072888546600e+02
1.295489280503448128e+02
1.307024786405784482e+02
1.318174154334579953e+02
1.328948423391136373e+02
1.339358964540247996e+02
1.349417355628023927e+02
1.359135273671228674e+02
1.359135273671228674e+02
6.952968496006573673e+01
7.134814638681751831e+01
7.320640948633163703e+01
7.510176307780804450e+01
7.703106306109025070e+01
7.899074492458785812e+01
8.097684781513420660e+01
8.298505047065346218e+01
8.501071872186167866e+01
1.501807210952810294e+02
1.508905816048882116e+02
1.515701995689424280e+02
1.522212877763996630e+02
1.528454477483654728e+02
1.534441768704666060e+02
1.540188752373011880e+02
1.545708521716646544e+02
1.551013323971592399e+02
1.065019126180987712e+02
1.078636703094859399e+02
1.092048845612979733e+02
1.105245811316286506e+02
1.118219079717293596e+02
1.130961332942092383e+02
1.143466424324140576e+02
1.155729336636581763e+02
1.167746131724593397e+02
4.587188063541393035e+01
4.720219383270719504e+01
4.859226547528692208e+01
5.004446413190265730e+01
5.156105505264559952e+01
5.314414744195713070e+01
5.479563297371547037e+01
5.651711541734198363e+01
5.830983171303540757e+01
1.018022562530532440e+02
1.037675387346977942e+02
1.057003454105779241e+02
1.075971922525973952e+02
1.094550378248423073e+02
1.112712914529306403e+02
1.130438105402926823e+02
1.147708884327572179e+02
1.164512344494713290e+02
5.858843615829601958e+01
6.039194545040376738e+01
6.226234490999004834e+01
6.419921735529038642e+01
6.620150872314081880e+01
6.826745480374128761e+01
7.039451719216208403e+01
7.257933350649847171e+01
7.481768714627725103e+01
1.094970273888047529e+02
1.109778772786563366e+02
1.124299539059250321e+02
1.138522779203322841e+02
1.152440561485552450e+02
1.166046731187452963e+02
1.179336810340933823e+02
1.192307885876113289e+02
1.204958489847294629e+02
5.122797899998334969e+01
5.284701030478356643e+01
5.453845606053351958e+01
5.630413476236674342e+01
5.814546382924822865e+01
6.006335973844215914e+01
6.205813085608298252e+01
6.412936620692261158e+01
6.627582477132992267e+01
6.349697952873853524e+01
6.669719520247528521e+01
7.005898970585298002e+01
7.357008908644237977e+01
7.721266407497509476e+01
8.096332630024645027e+01
8.479362695529766825e+01
8.867109520543883150e+01
9.256075760342034187e+01
4.193273761125360011e+01
4.969475561210688852e+01
5.974925515493217176e+01
7.234990157869896166e+01
8.695688013728758392e+01
1.019616124994912525e+02
1.154953196756282523e+02
1.265715026817703688e+02
1.351973596287918440e+02
1.208248332979558768e+02
1.227874411914233406e+02
1.246671311195545400e+02
1.264652550126774031e+02
1.281836928174001287e+02
1.298247353883626829e+02
1.313909803602890634e+02
1.328852417689872709e+02
1.343104732984175484e+02
7.743242275083235882e+01
8.013701176059277032e+01
8.288670006069986584e+01
8.566969677079606527e+01
8.847330055243270408e+01
9.128423021988021446e+01
9.408899536912690564e+01
9.687428175534586217e+01
9.962732424148777000e+01
1.023362417500555637e+02
1.769717961091173493e+02
1.770607156648164278e+02
1.771445663548847165e+02
1.772237692640770206e+02
1.772987001267464962e+02
1.773696952678035359e+02
1.774370566342053621e+02
1.775010560752641595e+02
1.775619389993576078e+02
1.776199275104634125e+02
9.963841631246791053e+01
1.012860076565402494e+02
1.029149085734919993e+02
1.045228505477530518e+02
1.061077547523734950e+02
1.076677421576717109e+02
1.092011397612564281e+02
1.107064831280599435e+02
1.121825155280427282e+02
1.136281840340516567e+02
3.946797514318868139e+01
4.097759848695173446e+01
4.258469637437954702e+01
4.429623602175016117e+01
4.611937085510291467e+01
4.806130992661221057e+01
5.012913654394535001e+01
5.232956610083905957e+01
5.466863419003712465e+01
5.715130924262373924e+01
8.819946796461709937e+01
9.090405853049867346e+01
9.360462885405837596e+01
9.628926827026208457e+01
9.894648360009000498e+01
1.015654831993020935e+02
1.041364173242791367e+02
1.066505629726708264e+02
1.091004471663477204e+02
1.114799084186391269e+02
8.687058770783654893e+01
8.879757863112635619e+01
9.072729296980686797e+01
9.265535926617992857e+01
9.457742838862533574e+01
9.648923196944767255e+01
9.838663814640891303e+01
1.002657028296254822e+02
1.021227149848995595e+02
1.039542347714806994e+02
1.743299959642695853e+02
1.744644787539345714e+02
1.745927484582717284e+02
1.747152247200008901e+02
1.748322903245375244e+02
1.749442951489600659e+02
1.750515596151996078e+02
1.751543777183998145e+02
1.752530196900525254e+02
1.753477343461665612e+02
9.358299146340650054e+01
9.496444689574414610e+01
9.634014104395706113e+01
9.770853538319198606e+01
9.906814090923199956e+01
1.004175271890471777e+02
1.017553304626284785e+02
1.030802606986908643e+02
1.043911075361653502e+02
1.056867450730015037e+02
2.899721402571296380e+01
2.990833021193617469e+01
3.087276542630507947e+01
3.189474356978729475e+01
3.297886067856586578e+01
3.413011007188876533e+01
3.535390496006661465e+01
3.665609640797052293e+01
3.804298376135250237e+01
3.952131363993873947e+01
5.985779384375891254e+01
6.210590177241211052e+01
6.445138755894203086e+01
6.689234892880828909e+01
6.942534390677347744e+01
7.204523336471899597e+01
7.474507396194269404e+01
7.751608112647504356e+01
8.034767936535708088e+01
8.322765167986025858e+01
7.296261040288544564e+01
7.487305516843073860e+01
7.681855870072747905e+01
7.879549339564589161e+01
8.079981534910450591e+01
8.282710088832993733e+01
8.487259546659767295e+01
8.693127397795015554e+01
8.899791084742786040e+01
9.106715761318285729e+01
1.239026949306762617e+02
1.250937467652258874e+02
1.262509965815058308e+02
1.262509965815058308e+02
1.289139329615053953e+02
1.292853550485407936e+02
5.435360181322221251e+01
5.600571741694403727e+01
5.772466417088998014e+01
5.951129583320386018e+01
6.136600843744423628e+01
6.328865857058275424e+01
6.527848098607404381e+01
6.733400918102364585e+01
6.945300339351808816e+01
7.163239116100152160e+01
7.386822599086269747e+01
1.731045283876753729e+02
1.732984683893332658e+02
1.734818432627417337e+02
1.736554899709626056e+02
1.738201596883524758e+02
1.739765284764602029e+02
1.741252064101901738e+02
1.742667454095520725e+02
1.744016459855157564e+02
1.745303630710943708e+02
1.085070292933695839e+02
1.099884001630231012e+02
1.114424283433750986e+02
1.128680441383912978e+02
1.142643597405406979e+02
1.156306624757023371e+02
1.169664063438497976e+02
1.182712022260999731e+02
1.195448071128789991e+02
1.207871126821827090e+02
5.320108411346382127e+01
5.479456471191343780e+01
5.645311877607747419e+01
5.817786249920669661e+01
5.996952316856351217e+01
6.182836241364969965e+01
6.375409676176963103e+01
6.574581834736977726e+01
6.780191943686372724e+01
6.992002519204532973e+01
1.675297303022032906e+02
1.678254082867861428e+02
1.681075870339576284e+02
1.683771575782018886e+02
1.686349353113388361e+02
1.688816677289838140e+02
1.691180412581787209e+02
1.693446872888878545e+02
1.695621875139947576e+02
1.697710786672633958e+02
1.093312734663611252e+02
1.104931903061183505e+02
1.116377592811399495e+02
1.127644733317090981e+02
1.138728962765275980e+02
1.149626606959198227e+02
1.160334653914804335e+02
1.170850724944421302e+02
1.181173042930704469e+02
1.191300398460844576e+02
1.770531915792711573e+02
1.771032217610851944e+02
1.771515828796390792e+02
1.771983570217410602e+02
1.772436209822697322e+02
1.772874466835407361e+02
1.773299015554444793e+02
1.773710488805673720e+02
1.774109481080001274e+02
1.774496551390961656e+02
9.780056916144138768e+01
9.877133744440476448e+01
9.973705693870141431e+01
1.006972227876549937e+02
1.016513483885825622e+02
1.025989666283143151e+02
1.035396309697050583e+02
1.044729163857038827e+02
1.053984201394993079e+02
1.063157624111190103e+02
3.593141005460863369e+01
3.661839817787968343e+01
3.732829201876448622e+01
3.806202737363720701e+01
3.882057263255600787e+01
3.960492794886869206e+01
4.041612395058220386e+01
4.125521991144347567e+01
4.212330128983113298e+01
4.302147653344597700e+01
1.135042428396259027e+02
1.143273613613409907e+02
1.151399256873624211e+02
1.159418169802783041e+02
1.167329362223579494e+02
1.175132034620436912e+02
1.182825570216341760e+02
1.190409526746191489e+02
1.197883628006321146e+02
1.205247755254496269e+02
1.746015586780929993e+02
1.746726978152688332e+02
1.747419916332671335e+02
1.748095108179250872e+02
1.748753225000340876e+02
1.749394904754704498e+02
1.750020754092117841e+02
1.750631350245960220e+02
1.751227242790493506e+02
1.751808955273967854e+02
9.777907666822369492e+01
9.852990427511559801e+01
9.927779216121427908e+01
1.000225042779336206e+02
1.007638108664850449e+02
1.015014888224152685e+02
1.022353220291013542e+02
1.029651016593690542e+02
1.036906264446555213e+02
1.044117029113870956e+02
2.995237461644765631e+01
3.039334427862647203e+01
3.084619806997386604e+01
3.131136403572011773e+01
3.178928731608752400e+01
3.228043069614213323e+01
3.278527514054374592e+01
3.330432030609196659e+01
3.383808502373628357e+01
3.438710774032321638e+01
4.727529030729020576e+01
4.807270673700735131e+01
4.889056746166157552e+01
4.972932256797481898e+01
5.058940959447066632e+01
5.147125014553789413e+01
5.237524618104633589e+01
5.330177597482689578e+01
5.425118973991719429e+01
5.522380492412860065e+01
9.963432488337031145e+01
1.006542778440085613e+02
1.016674454723275289e+02
1.026732682977254285e+02
1.036712130194759709e+02
1.046607737573329757e+02
1.056414730816045733e+02
1.066128628235715041e+02
1.075745246699167978e+02
1.085260705473780831e+02
3.403739198094748986e+01
3.475128439058423169e+01
3.549177348764177964e+01
3.626011209074749786e+01
3.705760889972177097e+01
3.788562856490116815e+01
3.874559111468607853e+01
3.963897059043358695e+01
4.056729271357127686e+01
4.153213138349101996e+01
4.483265178596371925e+01
4.607682869072550602e+01
4.737530877556309861e+01
4.873030232172826004e+01
5.014396293664242421e+01
5.161834863897678360e+01
5.315537598100797823e+01
5.475676685490014961e+01
5.642398789169780571e+01
5.815818273368125801e+01
1.302449045554141094e+01
1.410037337648662970e+01
1.536535829233508821e+01
1.687247105775725231e+01
1.869574947206677962e+01
2.094115827431068055e+01
2.376444383153506124e+01
2.740076997499221534e+01
3.221348320681630639e+01
3.876834788759350658e+01
1.077582727595199117e+02
1.091345659348162656e+02
1.104882988259398928e+02
1.118185483021449897e+02
1.131245241002028479e+02
1.144055652906293687e+02
1.156611355410739463e+02
1.168908173863097488e+02
1.180943057113709926e+02
1.192714006455662457e+02
4.769451571968242831e+01
4.908781311337358488e+01
5.054240499613818827e+01
5.206042443467140401e+01
5.364383797456541458e+01
5.529438533920887267e+01
5.701351095605063790e+01
5.880228778141253088e+01
6.066133450869196508e+01
6.259072800529824576e+01
3.644150032908835612e+01
3.808268116713578877e+01
3.985326713884616368e+01
4.176537855341216243e+01
4.383188126532877504e+01
4.606618525676698539e+01
4.848191237521216834e+01
5.109239154612266987e+01
5.390993780353317533e+01
5.694487794508194867e+01
6.249796485665947898e+01
6.621376556102997313e+01
7.015452428521699346e+01
7.430079339263068050e+01
7.862255286339338056e+01
8.307934037084635293e+01
8.762172606146116038e+01
9.219415946589035116e+01
9.673885958298527044e+01
1.012001056628501772e+02
3.854254365550684724e+01
5.043513472095222738e+01
6.833597725207914664e+01
9.182123601140271774e+01
1.147409923173820516e+02
1.316637791029535265e+02
1.428293270385132701e+02
1.502250644211296731e+02
1.553273189762987840e+02
1.590060231968371340e+02
1.370351879532764769e+02
1.401366533421913232e+02
1.428824410317520801e+02
1.453197517364801286e+02
1.474903153191557124e+02
1.494303362543950016e+02
1.511708794150307540e+02
1.527384392048306267e+02
1.541555509329305664e+02
1.554413734003828438e+02
1.040760216068662771e+02
1.085947000738402721e+02
1.128860979051553386e+02
1.169226929530604764e+02
1.206901263152562080e+02
1.241851280485253710e+02
1.274129649917136078e+02
1.303849132585592088e+02
1.331160557469782759e+02
1.356235294469099699e+02
1.488462845669173191e+02
1.496431079211543818e+02
1.504038076447303069e+02
1.511305349741161592e+02
1.518252970953489864e+02
1.524899661695025088e+02
1.531262881358809977e+02
1.537358911956536929e+02
1.543202939118677364e+02
1.548809128870148015e+02
1.078946872898657716e+02
1.093110491281940426e+02
1.107032958584792084e+02
1.120704370666366287e+02
1.134116319096111454e+02
1.147261847378745756e+02
1.160135393213512884e+02
1.172732719378972206e+02
1.185050835779728686e+02
1.197087915062788284e+02
1.799182420557399951e+02
1.799198713268609140e+02
1.799214369306028800e+02
1.799229425273604477e+02
1.799243915022111082e+02
1.799257869903225071e+02
1.799271318995970717e+02
1.799284289308982352e+02
1.799296805961544123e+02
1.799308892345957531e+02
1.191794057207474111e+02
1.201042655412594797e+02
1.210121338611509429e+02
1.219030313027638499e+02
1.227770105434449590e+02
1.236341537668278079e+02
1.244745701618220437e+02
1.252983934871506051e+02
1.261057797161811038e+02
1.268969047739064990e+02
5.710243462609312814e+01
5.814187881966989835e+01
5.920529795447430388e+01
6.029277302578790909e+01
6.140431942725314229e+01
6.253988079311028514e+01
6.369932286839880931e+01
6.488242750754858434e+01
6.608888691502721713e+01
6.731829825389598909e+01
1.039858628411155905e+02
1.052344903902500732e+02
1.064684727993747799e+02
1.076869423701316748e+02
1.088891091277968712e+02
7.281370022449019075e+01
7.378911956304523301e+01
7.477429018608279421e+01
7.576876803767041224e+01
7.677207822272018234e+01
7.778371572898740283e+01
7.880314638046536402e+01
7.982980802481873184e+01
8.086311195436886123e+01
8.190244455681485647e+01
1.043762239860603813e+02
1.052969134149506658e+02
1.062095810565944021e+02
1.127803021960478702e+02
1.238742152131870000e+02
1.245886520730485074e+02
1.245886520730485074e+02
1.260468006779450150e+02
5.312195256289405165e+01
5.397649634166637611e+01
5.484998543795379078e+01
5.574263725554598636e+01
5.665464162819941407e+01
5.758615748299169468e+01
5.853730936307076149e+01
5.950818383140611445e+01
6.049882578258277022e+01
6.150923469548186517e+01
9.111186560238925836e+01
9.234302211854836173e+01
9.357201790602161395e+01
9.479773172374339651e+01
9.601906030520049740e+01
9.723492417605595506e+01
9.844427315283033408e+01
9.964609145584952898e+01
1.008394023789700498e+02
1.020232724689749091e+02
3.826185536786437069e+01
3.920480460208881368e+01
4.018739880132039843e+01
4.121157598408746026e+01
4.227933517020670706e+01
4.339272780603243973e+01
4.455384631277269136e+01
4.576480924569267472e+01
4.702774251020218799e+01
4.834475605240152163e+01
7.459970727881395192e+01
7.656904234876368776e+01
7.857123239687209093e+01
8.060210426048789145e+01
8.265707736223113500e+01
8.473121490952881629e+01
8.681928768190441303e+01
8.891584865511453017e+01
9.101531598550016611e+01
9.311206129102257023e+01
1.778082968544753157e+02
1.778614543302542188e+02
1.779120954214769199e+02
1.779603946049289789e+02
1.780065105980528415e+02
1.780505880982800022e+02
1.780927592970619173e+02
1.781331452019156245e+02
1.781718567942887148e+02
1.782089960465411025e+02
1.195691397154800057e+02
1.206767044021957815e+02
1.217594404861166311e+02
1.228174261469739577e+02
1.238508035302795491e+02
1.248597722781881885e+02
1.258445832664959312e+02
1.268055326019104569e+02
1.277429559207952821e+02
1.286572230189615311e+02
5.992190286622661688e+01
6.124556041287137020e+01
6.260364348169643733e+01
6.399592718812324676e+01
6.542201376333491680e+01
6.688131854545234489e+01
6.837305715493492642e+01
6.989623434384431278e+01
7.144963503551457507e+01
7.303181807902150524e+01
1.515809054797318822e+01
1.573949744746884960e+01
1.636601907385136201e+01
1.704294954510791626e+01
1.777641356544724260e+01
1.857352826023823411e+01
1.944260199471236206e+01
2.039337950423063717e+01
2.143734501054326813e+01
2.258809776231474586e+01
1.063395864136055309e+02
1.077987098926102760e+02
1.092343632244702860e+02
1.106453502907911854e+02
1.120306351826455398e+02
1.133893393920448034e+02
1.147207372112528390e+02
1.160242496184152117e+02
1.172994369323155865e+02
1.185459905131757807e+02
1.747416544862579713e+02
1.748437372050090346e+02
1.749419419526552417e+02
1.750364850421467509e+02
1.751275670308030215e+02
1.752153741257975526e+02
1.753000794421722617e+02
1.753818441310829996e+02
1.754608183935955310e+02
1.755371423933232506e+02
1.015930042908875350e+02
1.026787196832125346e+02
1.037552575678043354e+02
1.048219837854726677e+02
1.058783028590506206e+02
1.069236591400920418e+02
1.079575376159331768e+02
1.089794643885052210e+02
1.099890068403007319e+02
1.109857735062878135e+02
3.697589949109112695e+01
3.780675379881193976e+01
3.866986938322426681e+01
3.956674703800021575e+01
4.049894097074414390e+01
4.146805528315013589e+01
4.247573901186834178e+01
4.352367946112201480e+01
4.461359352795562927e+01
4.574721669288371118e+01
4.242736930218748626e+01
4.373370901683171041e+01
4.510541416309069973e+01
4.654582111548151602e+01
4.805826063561849537e+01
4.964600252598381758e+01
5.131218677892741198e+01
5.305973974187506315e+01
5.489127420869652951e+01
5.680897301779282316e+01
8.576516529170328340e+01
8.813311793622409596e+01
9.007165142511405520e+01
9.163218566258598230e+01
9.286553940729325518e+01
9.286553940729325518e+01
9.590110034362504621e+01
9.891529815687681548e+01
1.018935575800750826e+02
1.048198331553756191e+02
1.036504354009350664e+02
1.048039030348586209e+02
1.059452274131663501e+02
1.070737083617936776e+02
1.081887011836045929e+02
1.092896173159780062e+02
1.103759244941602731e+02
1.114471464536447058e+02
1.125028622096650963e+02
1.798458220437335626e+02
1.798483443791728860e+02
1.798507855129550421e+02
1.798531493041466547e+02
1.798554393710949171e+02
1.798576591099082975e+02
1.798598117112612158e+02
1.798619001756960643e+02
1.798639273275777555e+02
1.176430007917565774e+02
1.184374487519430943e+02
1.192201431223455472e+02
1.199910571803571600e+02
1.207501820593845707e+02
1.214975257149569359e+02
1.222331118905492247e+02
1.229569790901218482e+02
1.236691795635909727e+02
1.724742909572607914e+02
1.725745559384097874e+02
1.726721987799538169e+02
1.727673204703325496e+02
1.728600169050604904e+02
1.729503792020944957e+02
1.730384939941781113e+02
1.731244437000889320e+02
1.732083067765347550e+02
1.001745415697142789e+02
1.009348347471150191e+02
1.016912497183586765e+02
1.024435545052454586e+02
1.031915253090593296e+02
1.039349468074807419e+02
1.046736124130488577e+02
1.054073244931550732e+02
1.061358945518311145e+02
3.279269758079072972e+01
3.328009478499240004e+01
3.378046116602007487e+01
3.429424189768815268e+01
3.482189770737466006e+01
3.536390512158595811e+01
3.592075665860539857e+01
3.649296095736639245e+01
3.708104283023595826e+01
9.951192906703209928e+01
1.005529040220484092e+02
1.015868803910803422e+02
1.026132622183753540e+02
1.036314817447521932e+02
1.046410008046361497e+02
1.056413119749642817e+02
1.066319394767926383e+02
1.076124398337219645e+02
3.280616951923894931e+01
3.351910362678870570e+01
3.425986791493451733e+01
3.502986166353412045e+01
3.583055445643393000e+01
3.666348735107450807e+01
3.753027340098091713e+01
3.843259734898015267e+01
3.937221427483953562e+01
4.827168315769279161e+01
4.956366615200789738e+01
5.090727682378135910e+01
5.230410401979710855e+01
5.375561167353214387e+01
5.526309963402184167e+01
5.682765979118656219e+01
5.845012777429857920e+01
6.013103079988704280e+01
3.572042675998710592e+01
3.710910821972200324e+01
3.859283690596481620e+01
4.017950839658900009e+01
4.187751705450699546e+01
4.369569027184812171e+01
4.564317601143702063e+01
4.772926866131976453e+01
4.996315605777104452e+01
5.912003004464443734e+01
6.188676951072650922e+01
6.480389845604423726e+01
6.786767259412877706e+01
7.107062529782106708e+01
7.440114229800120427e+01
7.784324990832799074e+01
8.137670060963577612e+01
8.497741511285479987e+01
1.533460905015586491e+02
1.542861683082473974e+02
1.551662784785909537e+02
1.559916034247795551e+02
1.567667915456362948e+02
1.574960171366660688e+02
1.581830337610330730e+02
1.588312215841016553e+02
1.594436292275665039e+02
1.153131265321985666e+02
1.164820468686977506e+02
1.176276822699546187e+02
1.187498330116403054e+02
1.198483794973746797e+02
1.209232764938626588e+02
1.219745472582007437e+02
1.230022776500312887e+02
1.240066103084594715e+02
6.828841577796866602e+01
6.946243807441162232e+01
7.065476334630473332e+01
7.186476661809719246e+01
7.309174124938432726e+01
7.433489845924172812e+01
7.559336766584318923e+01
7.686619770460974621e+01
7.815235897467944426e+01
6.503626609307588069e+00
6.708593042390305072e+00
6.926834182093301706e+00
7.159675800163654458e+00
7.408625250164618592e+00
7.675403456019296300e+00
7.961983861342190494e+00
8.270640158960276267e+00
8.604005179613807286e+00
8.555708028721562641e+01
8.754163428862452179e+01
8.953210584824427087e+01
9.152370701006174158e+01
9.351163351585111627e+01
9.549113403826308399e+01
9.745757752095578041e+01
9.940651627340841401e+01
1.013337427441230574e+02
2.474425100598398330e+01
2.611275411483707387e+01
2.762899148702315699e+01
2.931573966237732520e+01
3.119999370345759360e+01
3.331371321271622321e+01
3.569458445539237346e+01
3.838667462695597976e+01
4.144073306644040144e+01
1.166109620842872516e+02
1.176375476506853772e+02
1.186452273172519369e+02
1.196339124284894240e+02
1.206035628688137251e+02
1.215541836520555705e+02
1.224858214943875225e+02
1.233985614095585390e+02
1.242925233599696355e+02
5.722491153461947988e+01
5.834454073921415329e+01
5.949181078654589783e+01
6.066680377255897838e+01
6.186951256996360371e+01
6.309983206005466627e+01
6.435755045777199257e+01
6.564234090302272762e+01
6.695375351391624008e+01
2.099249577490099838e+01
2.161955412066623694e+01
2.228326703604142267e+01
2.298675043310259980e+01
2.373345687004177762e+01
2.452721744488798095e+01
2.537228899268887972e+01
2.627340705668848386e+01
2.723584501771011901e+01
1.654848519684179564e+01
1.785594279844377752e+01
1.937915489255146895e+01
2.117352996463853287e+01
2.331387581783320684e+01
9.664466966343465515e+01
9.804054934764627660e+01
9.942688862818945950e+01
1.008021800769071490e+02
1.021649910077994718e+02
1.035139709889024289e+02
1.048478580725597453e+02
1.061654837094790196e+02
1.074657763453881785e+02
5.320224339795882429e+01
5.447619878909165436e+01
5.579191802285410517e+01
5.715003206887911347e+01
5.855102264819893776e+01
5.999519732958086138e+01
6.148266353811334284e+01
6.301330196735467837e+01
6.458674002520643853e+01
1.477899184558100387e+02
1.485639391654846122e+02
1.493051976423341500e+02
1.500154978210489958e+02
1.506965342317629961e+02
1.513498977843780722e+02
1.519770815581918555e+02
1.525794865068876334e+02
1.531584270133610062e+02
9.190559975384917379e+01
9.347284299235242599e+01
9.503490147965233348e+01
9.658949372058488336e+01
9.813440382280457186e+01
9.966749956515353404e+01
1.011867486973328027e+02
1.026902331912271080e+02
1.041761612398491224e+02
2.590657607313379174e+01
2.689341752920650208e+01
2.795215964645554152e+01
2.909014888838802904e+01
3.031562155040714401e+01
3.163780726000028665e+01
3.306703565417117829e+01
3.461484049883449643e+01
3.629405176595713556e+01
1.006190444768924408e+02
1.025045929800653539e+02
1.043630235341461514e+02
1.061910974342037832e+02
1.079859272748709884e+02
1.097449898560018084e+02
1.114661304664484476e+02
1.131475593490621634e+02
1.147878413677670153e+02
4.081444294256129979e+01
4.273104915265872705e+01
4.479723323251710099e+01
4.702516945358183875e+01
4.942704508925282880e+01
5.201456701572675456e+01
5.479828059233176418e+01
5.778667636361558380e+01
6.098508127837988013e+01
8.314765187444714911e+01
9.177805297950970953e+01
1.003290831528841238e+02
1.084418708159928997e+02
1.158585373395363263e+02
1.224519666903665041e+02
1.282064486962628393e+02
1.331772943423133881e+02
1.374534332825216723e+02
1.263471237339445565e+02
1.299424965222668789e+02
1.331963170799209877e+02
1.361368497789940761e+02
1.387938402904403006e+02
1.411965044424211442e+02
1.433723510223379662e+02
1.453465866450031285e+02
1.471418988854873646e+02
1.116443888372175763e+02
1.169370356552489909e+02
1.217765384160562974e+02
1.261584770579071630e+02
1.301005488820296989e+02
1.336337830535022988e+02
1.367956440639524942e+02
1.396252847578014951e+02
1.421606296626252686e+02
1.256315708959187702e+02
1.271544692940672405e+02
1.286184084846917415e+02
1.300249443577348245e+02
1.313757901747592598e+02
1.326727741401242895e+02
1.339178026614659700e+02
1.351128290182158196e+02
1.362598270397504336e+02
1.234073615860448001e+02
1.246507047473558885e+02
1.258578429366038165e+02
1.270293093230613692e+02
1.281657253555595446e+02
1.292677862017415862e+02
1.303362473660706371e+02
1.313719125190404782e+02
1.323756225356309812e+02
6.568728527139398921e+01
6.736787529267701302e+01
6.909058687827615586e+01
7.085379434819577682e+01
7.265548863950618852e+01
7.449326841968269264e+01
7.636433911984340739e+01
7.826552095965320177e+01
8.019326675052570863e+01
1.125020553547219890e+02
1.140165819611669917e+02
1.154962608582254120e+02
1.169403761615351982e+02
1.130750540271090756e+02
1.145500822813090451e+02
1.166566050841085485e+02
1.066581669451476841e+02
1.082276742106645600e+02
1.097693728393813046e+02
1.112818241678726565e+02
1.127638063162051196e+02
1.142143089274051988e+02
1.156325252632205149e+02
1.126864275505877799e+02
1.138309831116584974e+02
1.149556935280266146e+02
1.160602264546944298e+02
1.171443213072943195e+02
1.182077855525804182e+02
1.192504907428139518e+02
1.202723683716893106e+02
1.212734056228130441e+02
5.152555488440765430e+01
5.272117727326073577e+01
5.395602393482272419e+01
5.523085260764864302e+01
5.654631249908175050e+01
5.790292349903739932e+01
5.930105398822379925e+01
6.074089751408311599e+01
6.222244871420971890e+01
1.193378537998650586e+02
1.207996470098316308e+02
1.222182977803540211e+02
1.235940252020010348e+02
1.249272332243597816e+02
1.251990874455980247e+02
1.253291106640357953e+02
1.253437454090469600e+02
1.252659603419904215e+02
1.246108352979351537e+02
1.256995293711278521e+02
1.267592878409149932e+02
1.277905525474469925e+02
1.287938157584366934e+02
1.297696120810698801e+02
1.307185110135984303e+02
1.316411101413300173e+02
1.316411101413300173e+02
6.295423963893688324e+01
6.443430911576541575e+01
6.595187718248587316e+01
6.750617775931607412e+01
6.909619131432913264e+01
7.072063130077890492e+01
7.237793393471667969e+01
7.406625207273629030e+01
7.578345390549503691e+01
7.963516044888319811e+01
8.099074557170376920e+01
8.235657577829209686e+01
8.373119939746152340e+01
8.511310560217981447e+01
8.650073369947386936e+01
8.789248325763469438e+01
8.928672491466517158e+01
9.068181169041571366e+01
1.307966379163825650e+02
1.334329076760845396e+02
1.342146207941816272e+02
6.038581420972182912e+01
6.181068165144930049e+01
6.327456344669516852e+01
6.477709464424071939e+01
6.631767837364310481e+01
6.789546736550708772e+01
6.950934759744409064e+01
7.115792485697267011e+01
7.283951503842629904e+01
7.455213897760953046e+01
1.653316079473214018e+02
1.656674142571965547e+02
1.659884905119014888e+02
1.662957662026828984e+02
1.665900957874815163e+02
1.668722659539758411e+02
1.671430020741022986e+02
1.674029739504854319e+02
1.676528009416210239e+02
1.077222295370128791e+02
1.088458692705013959e+02
1.099546669068499511e+02
1.110481008911138758e+02
1.121257087393825600e+02
1.131870860023306022e+02
1.142318848411659928e+02
1.152598122656469002e+02
1.162706280842974991e+02
1.143707219598842215e+02
1.153380566879058193e+02
1.162901697610686682e+02
1.172269042885242243e+02
1.181481412755058642e+02
1.190537976702563725e+02
1.199438243380502485e+02
1.208182039883315326e+02
1.216769490786738857e+02
5.059356782765571836e+01
5.158102509915103440e+01
5.259623351074972675e+01
5.363971479728087388e+01
5.471194511187184162e+01
5.581334664084332076e+01
5.694427860703511612e+01
5.810502770990545685e+01
5.929579807468724084e+01
1.252283204952169626e+02
1.262808856468532497e+02
1.273058111596973561e+02
1.283035411396305392e+02
1.292745624312200334e+02
1.302193975568108613e+02
1.311385982307436677e+02
1.320327394468579030e+02
1.329024141275642990e+02
6.652002216221876552e+01
6.790536039861746076e+01
6.931843264113177838e+01
7.075831049137804030e+01
7.222389478635830073e+01
7.371391245547840754e+01
7.522691569968350223e+01
7.676128376105839379e+01
7.831522749998657673e+01
9.141587052984112916e+01
9.311542720561999431e+01
9.480951529203656492e+01
9.649521845843497658e+01
9.816970703738047632e+01
9.983026526057216188e+01
1.014743156652548350e+02
1.030994401783786998e+02
1.047033975293924755e+02
1.697702159238926640e+02
1.699847440506309795e+02
1.701905456025023682e+02
1.703881374336988301e+02
1.705779967526696623e+02
1.707605648163824412e+02
1.709362502229830625e+02
1.711054318523834468e+02
1.712684614975177908e+02
1.106333581517401115e+02
1.117385286889918774e+02
1.128269590344136759e+02
1.138982591880041468e+02
1.149520991992558550e+02
1.159882070038613335e+02
1.170063659743192090e+02
1.180064122400941500e+02
1.189882318304539695e+02
4.723509036688047047e+01
4.831402598265947290e+01
4.943039910857432062e+01
5.058529979394172926e+01
5.177976928963850867e+01
5.301478374149248651e+01
5.429123589569487507e+01
5.560991480845000723e+01
5.697148361843546382e+01
3.840482252264288121e+01
3.972177871125490611e+01
4.111585306765284287e+01
3.473354223756118841e+01
3.609083740452780376e+01
3.754246052668991496e+01
3.909652721033448586e+01
4.076173278326699290e+01
3.426906520862590355e+01
8.883194253142528396e+01
9.153138938758718268e+01
9.422405809735528237e+01
9.689817661290703654e+01
9.954245501006769814e+01
1.021463581888313286e+02
1.047003322511021963e+02
1.071959741316605914e+02
1.096261398485651455e+02
4.277822694061890729e+01
4.627445211509621004e+01
5.023198932396925898e+01
5.470257211729327196e+01
5.972699308639795390e+01
6.532264133436797238e+01
7.146787660154672039e+01
7.808712279161287029e+01
8.504389580498991563e+01
1.195981614197623344e+02
1.215465013105939533e+02
1.234167812675311779e+02
1.252098510010543748e+02
1.269270963548659950e+02
1.285703335208966394e+02
1.301417128800340777e+02
1.316436337332828259e+02
1.330786703297098370e+02
7.548428557024146812e+01
7.814464831287827451e+01
8.085786368175283201e+01
8.361303988271191656e+01
8.639817599023200501e+01
8.920044741935336674e+01
9.200654644679616467e+01
9.480305622061138138e+01
9.757683245501519309e+01
7.269192580343542431e+00
8.062719638346152351e+00
9.049107166821983128e+00
1.030751900180632674e+01
1.196656030705480589e+01
1.424900924014815473e+01
1.757373357487600174e+01
2.281600615328159165e+01
3.205900977695873166e+01
1.260938441976168320e+02
1.299710113288130060e+02
1.334536306664100493e+02
1.365769211546684687e+02
1.393778430493618998e+02
1.418923608339831048e+02
1.441539310157672844e+02
1.461928112748354067e+02
1.480358775422301960e+02
9.994568813148993058e+01
1.021101627205668620e+02
1.042401236493189600e+02
1.063306566303059384e+02
1.083774456198879079e+02
1.103767980448746187e+02
1.123256509011545887e+02
1.142215598571125952e+02
1.160626740750314809e+02
5.128059981716745597e+01
5.385365090220425088e+01
5.660722473860397486e+01
5.954690566566647192e+01
6.267514092015139227e+01
6.599021680162502435e+01
6.948523004649027257e+01
7.314719254354123734e+01
7.695644711020656814e+01
2.037080992969589488e+01
2.788742659413503588e+01
4.263313852142402993e+01
7.420981401576375447e+01
1.175040668875505787e+02
1.429388253426792517e+02
1.548252853501505228e+02
1.611612919169627958e+02
1.650091348768779369e+02
1.184399101041455253e+02
1.205663774127159229e+02
1.226035745527679239e+02
1.245521771450787014e+02
1.264136227301971758e+02
1.281899591998763128e+02
1.298837063678730885e+02
1.314977332478767380e+02
1.330351520285777553e+02
7.152637891417063543e+01
7.483434069580681580e+01
7.824905400925229060e+01
8.175047929884755149e+01
8.531498918813639420e+01
8.891617183764935817e+01
9.252592775976432904e+01
9.611575552748325890e+01
9.965808367014545865e+01
1.275353994714869827e+02
1.295416434181310592e+02
1.356927436189716047e+02
1.145945058091305100e+02
1.161862231524334561e+02
1.177356169865891502e+02
1.192421779051853719e+02
1.207056609428564684e+02
1.221260596057882708e+02
1.235035794927279085e+02
1.248386121999849365e+02
1.261317100647417533e+02
5.795466336912380712e+01
5.996544617831062851e+01
6.206124083129736846e+01
6.424158949857144307e+01
6.650501908832967501e+01
6.884890778835040237e+01
7.126937081490865467e+01
7.376117707164905823e+01
7.631770882479463580e+01
9.740480535656467964e+01
9.879657159540670364e+01
1.001779547823243774e+02
1.015474843906941089e+02
1.029037690872217468e+02
1.042455035729854558e+02
1.055714741147369296e+02
1.068805627502964626e+02
1.081717501841292233e+02
4.092989722970153821e+01
4.211402506604596852e+01
4.335487950954623670e+01
4.465538564380906905e+01
4.601851010997316394e+01
4.744722793278248218e+01
4.894448037176491084e+01
5.051312251299151512e+01
5.215585940078040039e+01
1.203230051714073170e+02
1.217631988486502905e+02
1.231599276267339462e+02
1.245135442495068787e+02
1.258245724982063223e+02
1.270936821134123704e+02
1.283216652685067061e+02
1.295094148237671448e+02
1.306579044925195490e+02
7.271259167978679727e+01
7.441418367744817886e+01
7.614443393759552237e+01
7.790084146791038222e+01
7.968063306166008886e+01
8.148078127864229714e+01
8.329802884979656596e+01
8.512891923837595698e+01
8.696983280080735312e+01
1.521031090183167009e+02
1.521031090183167009e+02
1.472514092865395412e+02
1.422087649155484712e+02
1.373893708745304991e+02
1.332468189318612417e+02
1.096492122360968438e+02
1.110004173559282918e+02
1.123275973173975615e+02
1.136300017023325779e+02
1.149070101310467322e+02
1.161581269920687021e+02
1.173829752342217887e+02
1.185812894315223076e+02
1.197529083201518318e+02
1.208977669912821398e+02
4.992422316310097585e+01
5.134003673835428572e+01
5.281411904027422111e+01
5.434806777736680772e+01
5.594326956018520036e+01
5.760084397136115797e+01
5.932158222812414294e+01
6.110588139966196763e+01
6.295367568376906320e+01
