1.201178380484112154e+02
1.227161480117443944e+02
1.251714941354725852e+02
1.274870687741559436e+02
1.296675385248248062e+02
1.317186091871363374e+02
1.336466592759276182e+02
1.354584430095388825e+02
1.371608579798885330e+02
9.473012877857621561e+01
9.706473534953028093e+01
9.937601179621367464e+01
1.016569192092796357e+02
1.039009851644737523e+02
1.061023942293834921e+02
1.082560511467640936e+02
1.103576165573296066e+02
1.124035168355279097e+02
1.143909309429439531e+02
3.937500868430993251e+01
4.195747445685361754e+01
4.482748789232397257e+01
4.801885179300364825e+01
5.156529703910166518e+01
5.549749594649654227e+01
5.983854029483723025e+01
6.459779038901911008e+01
6.976356097428794101e+01
7.529603605097116770e+01
1.104077826681061651e+02
1.125293544297595645e+02
1.145877215929002659e+02
1.165805960388755977e+02
1.185064651579273800e+02
1.203645207573954110e+02
1.221545802576182211e+02
1.238770046618662377e+02
1.255326169698905687e+02
1.271226238485840270e+02
8.330181070957382872e+01
8.514799120805889743e+01
8.700432308102648449e+01
8.886696902038499957e+01
9.073201240767249942e+01
9.259550629899703722e+01
9.445352336342932631e+01
9.630220520414962948e+01
9.813780952763710275e+01
4.146198810111226862e+01
4.323978499075707305e+01
4.514314510164015815e+01
4.718118415894815598e+01
4.936298402597338963e+01
5.169727848526528646e+01
5.419203317196712533e+01
5.685390712766718480e+01
5.968759281825691687e+01
-1.501807210952810294e+02
-1.508905816048882116e+02
-1.515701995689424280e+02
-1.522212877763996630e+02
-1.528454477483654728e+02
-1.534441768704666060e+02
-1.540188752373011880e+02
-1.545708521716646544e+02
-1.551013323971592399e+02
1.065019126180987712e+02
1.078636703094859399e+02
1.092048845612979733e+02
1.105245811316286506e+02
1.118219079717293596e+02
1.130961332942092383e+02
1.143466424324140576e+02
1.155729336636581763e+02
1.167746131724593397e+02
4.587188063541393035e+01
4.720219383270719504e+01
4.859226547528692208e+01
5.004446413190265730e+01
5.156105505264559952e+01
5.314414744195713070e+01
5.479563297371547037e+01
5.651711541734198363e+01
5.830983171303540757e+01
5.858843615829601958e+01
6.039194545040376738e+01
6.226234490999004834e+01
6.419921735529038642e+01
6.620150872314081880e+01
6.826745480374128761e+01
7.039451719216208403e+01
7.257933350649847171e+01
7.481768714627725103e+01
1.769717961091173493e+02
1.770607156648164278e+02
1.771445663548847165e+02
1.772237692640770206e+02
1.772987001267464962e+02
1.773696952678035359e+02
1.774370566342053621e+02
1.775010560752641595e+02
1.775619389993576078e+02
1.776199275104634125e+02
9.963841631246791053e+01
1.012860076565402494e+02
1.029149085734919993e+02
1.045228505477530518e+02
1.061077547523734950e+02
1.076677421576717109e+02
1.092011397612564281e+02
1.107064831280599435e+02
1.121825155280427282e+02
1.136281840340516567e+02
3.946797514318868139e+01
4.097759848695173446e+01
4.258469637437954702e+01
4.429623602175016117e+01
4.611937085510291467e+01
4.806130992661221057e+01
5.012913654394535001e+01
5.232956610083905957e+01
5.466863419003712465e+01
5.715130924262373924e+01
8.819946796461709937e+01
9.090405853049867346e+01
9.360462885405837596e+01
9.628926827026208457e+01
9.894648360009000498e+01
1.015654831993020935e+02
1.041364173242791367e+02
1.066505629726708264e+02
1.091004471663477204e+02
1.114799084186391269e+02
8.687058770783654893e+01
8.879757863112635619e+01
9.072729296980686797e+01
9.265535926617992857e+01
9.457742838862533574e+01
9.648923196944767255e+01
9.838663814640891303e+01
1.002657028296254822e+02
1.021227149848995595e+02
1.039542347714806994e+02
9.358299146340650054e+01
9.496444689574414610e+01
9.634014104395706113e+01
9.770853538319198606e+01
9.906814090923199956e+01
1.004175271890471777e+02
1.017553304626284785e+02
1.030802606986908643e+02
1.043911075361653502e+02
1.056867450730015037e+02
2.899721402571296380e+01
2.990833021193617469e+01
3.087276542630507947e+01
3.189474356978729475e+01
3.297886067856586578e+01
3.413011007188876533e+01
3.535390496006661465e+01
3.665609640797052293e+01
3.804298376135250237e+01
3.952131363993873947e+01
-5.985779384375891254e+01
-6.210590177241211052e+01
-6.445138755894203086e+01
-6.689234892880828909e+01
-6.942534390677347744e+01
-7.204523336471899597e+01
-7.474507396194269404e+01
-7.751608112647504356e+01
-8.034767936535708088e+01
-8.322765167986025858e+01
-1.731045283876753729e+02
-1.732984683893332658e+02
-1.734818432627417337e+02
-1.736554899709626056e+02
-1.738201596883524758e+02
-1.739765284764602029e+02
-1.741252064101901738e+02
-1.742667454095520725e+02
-1.744016459855157564e+02
-1.745303630710943708e+02
1.085070292933695839e+02
1.099884001630231012e+02
1.114424283433750986e+02
1.128680441383912978e+02
1.142643597405406979e+02
1.156306624757023371e+02
1.169664063438497976e+02
1.182712022260999731e+02
1.195448071128789991e+02
1.207871126821827090e+02
5.320108411346382127e+01
5.479456471191343780e+01
5.645311877607747419e+01
5.817786249920669661e+01
5.996952316856351217e+01
6.182836241364969965e+01
6.375409676176963103e+01
6.574581834736977726e+01
6.780191943686372724e+01
6.992002519204532973e+01
1.093312734663611252e+02
1.104931903061183505e+02
1.116377592811399495e+02
1.127644733317090981e+02
1.138728962765275980e+02
1.149626606959198227e+02
1.160334653914804335e+02
1.170850724944421302e+02
1.181173042930704469e+02
1.191300398460844576e+02
9.780056916144138768e+01
9.877133744440476448e+01
9.973705693870141431e+01
1.006972227876549937e+02
1.016513483885825622e+02
1.025989666283143151e+02
1.035396309697050583e+02
1.044729163857038827e+02
1.053984201394993079e+02
1.063157624111190103e+02
3.593141005460863369e+01
3.661839817787968343e+01
3.732829201876448622e+01
3.806202737363720701e+01
3.882057263255600787e+01
3.960492794886869206e+01
4.041612395058220386e+01
4.125521991144347567e+01
4.212330128983113298e+01
4.302147653344597700e+01
1.746015586780929993e+02
1.746726978152688332e+02
1.747419916332671335e+02
1.748095108179250872e+02
1.748753225000340876e+02
1.749394904754704498e+02
1.750020754092117841e+02
1.750631350245960220e+02
1.751227242790493506e+02
1.751808955273967854e+02
1.302449045554141094e+01
1.410037337648662970e+01
1.536535829233508821e+01
1.687247105775725231e+01
1.869574947206677962e+01
2.094115827431068055e+01
2.376444383153506124e+01
2.740076997499221534e+01
3.221348320681630639e+01
3.876834788759350658e+01
1.077582727595199117e+02
1.091345659348162656e+02
1.104882988259398928e+02
1.118185483021449897e+02
1.131245241002028479e+02
1.144055652906293687e+02
1.156611355410739463e+02
1.168908173863097488e+02
1.180943057113709926e+02
1.192714006455662457e+02
4.769451571968242831e+01
4.908781311337358488e+01
5.054240499613818827e+01
5.206042443467140401e+01
5.364383797456541458e+01
5.529438533920887267e+01
5.701351095605063790e+01
5.880228778141253088e+01
6.066133450869196508e+01
6.259072800529824576e+01
-3.644150032908835612e+01
-3.808268116713578877e+01
-3.985326713884616368e+01
-4.176537855341216243e+01
-4.383188126532877504e+01
-4.606618525676698539e+01
-4.848191237521216834e+01
-5.109239154612266987e+01
-5.390993780353317533e+01
-5.694487794508194867e+01
-3.854254365550684724e+01
-5.043513472095222738e+01
-6.833597725207914664e+01
-9.182123601140271774e+01
-1.147409923173820516e+02
-1.316637791029535265e+02
-1.428293270385132701e+02
-1.502250644211296731e+02
-1.553273189762987840e+02
-1.590060231968371340e+02
1.078946872898657716e+02
1.093110491281940426e+02
1.107032958584792084e+02
1.120704370666366287e+02
1.134116319096111454e+02
1.147261847378745756e+02
1.160135393213512884e+02
1.172732719378972206e+02
1.185050835779728686e+02
1.197087915062788284e+02
1.191794057207474111e+02
1.201042655412594797e+02
1.210121338611509429e+02
1.219030313027638499e+02
1.227770105434449590e+02
1.236341537668278079e+02
1.244745701618220437e+02
1.252983934871506051e+02
1.261057797161811038e+02
1.268969047739064990e+02
5.710243462609312814e+01
5.814187881966989835e+01
5.920529795447430388e+01
6.029277302578790909e+01
6.140431942725314229e+01
6.253988079311028514e+01
6.369932286839880931e+01
6.488242750754858434e+01
6.608888691502721713e+01
6.731829825389598909e+01
7.281370022449019075e+01
7.378911956304523301e+01
7.477429018608279421e+01
7.576876803767041224e+01
7.677207822272018234e+01
7.778371572898740283e+01
7.880314638046536402e+01
7.982980802481873184e+01
8.086311195436886123e+01
8.190244455681485647e+01
1.043762239860603813e+02
1.052969134149506658e+02
1.062095810565944021e+02
1.127803021960478702e+02
5.312195256289405165e+01
5.397649634166637611e+01
5.484998543795379078e+01
5.574263725554598636e+01
5.665464162819941407e+01
5.758615748299169468e+01
5.853730936307076149e+01
5.950818383140611445e+01
6.049882578258277022e+01
6.150923469548186517e+01
3.826185536786437069e+01
3.920480460208881368e+01
4.018739880132039843e+01
4.121157598408746026e+01
4.227933517020670706e+01
4.339272780603243973e+01
4.455384631277269136e+01
4.576480924569267472e+01
4.702774251020218799e+01
4.834475605240152163e+01
7.459970727881395192e+01
7.656904234876368776e+01
7.857123239687209093e+01
8.060210426048789145e+01
8.265707736223113500e+01
8.473121490952881629e+01
8.681928768190441303e+01
8.891584865511453017e+01
9.101531598550016611e+01
9.311206129102257023e+01
1.747416544862579713e+02
1.748437372050090346e+02
1.749419419526552417e+02
1.750364850421467509e+02
1.751275670308030215e+02
1.752153741257975526e+02
1.753000794421722617e+02
1.753818441310829996e+02
1.754608183935955310e+02
1.755371423933232506e+02
1.798458220437335626e+02
1.798483443791728860e+02
1.798507855129550421e+02
1.798531493041466547e+02
1.798554393710949171e+02
1.798576591099082975e+02
1.798598117112612158e+02
1.798619001756960643e+02
1.798639273275777555e+02
1.724742909572607914e+02
1.725745559384097874e+02
1.726721987799538169e+02
1.727673204703325496e+02
1.728600169050604904e+02
1.729503792020944957e+02
1.730384939941781113e+02
1.731244437000889320e+02
1.732083067765347550e+02
9.951192906703209928e+01
1.005529040220484092e+02
1.015868803910803422e+02
1.026132622183753540e+02
1.036314817447521932e+02
1.046410008046361497e+02
1.056413119749642817e+02
1.066319394767926383e+02
1.076124398337219645e+02
3.280616951923894931e+01
3.351910362678870570e+01
3.425986791493451733e+01
3.502986166353412045e+01
3.583055445643393000e+01
3.666348735107450807e+01
3.753027340098091713e+01
3.843259734898015267e+01
3.937221427483953562e+01
-4.827168315769279161e+01
-4.956366615200789738e+01
-5.090727682378135910e+01
-5.230410401979710855e+01
-5.375561167353214387e+01
-5.526309963402184167e+01
-5.682765979118656219e+01
-5.845012777429857920e+01
-6.013103079988704280e+01
-5.912003004464443734e+01
-6.188676951072650922e+01
-6.480389845604423726e+01
-6.786767259412877706e+01
-7.107062529782106708e+01
-7.440114229800120427e+01
-7.784324990832799074e+01
-8.137670060963577612e+01
-8.497741511285479987e+01
-1.533460905015586491e+02
-1.542861683082473974e+02
-1.551662784785909537e+02
-1.559916034247795551e+02
-1.567667915456362948e+02
-1.574960171366660688e+02
-1.581830337610330730e+02
-1.588312215841016553e+02
-1.594436292275665039e+02
1.153131265321985666e+02
1.164820468686977506e+02
1.176276822699546187e+02
1.187498330116403054e+02
1.198483794973746797e+02
1.209232764938626588e+02
1.219745472582007437e+02
1.230022776500312887e+02
1.240066103084594715e+02
6.828841577796866602e+01
6.946243807441162232e+01
7.065476334630473332e+01
7.186476661809719246e+01
7.309174124938432726e+01
7.433489845924172812e+01
7.559336766584318923e+01
7.686619770460974621e+01
7.815235897467944426e+01
6.503626609307588069e+00
6.708593042390305072e+00
6.926834182093301706e+00
7.159675800163654458e+00
7.408625250164618592e+00
7.675403456019296300e+00
7.961983861342190494e+00
8.270640158960276267e+00
8.604005179613807286e+00
-8.555708028721562641e+01
-8.754163428862452179e+01
-8.953210584824427087e+01
-9.152370701006174158e+01
-9.351163351585111627e+01
-9.549113403826308399e+01
-9.745757752095578041e+01
-9.940651627340841401e+01
-1.013337427441230574e+02
1.166109620842872516e+02
1.176375476506853772e+02
1.186452273172519369e+02
1.196339124284894240e+02
1.206035628688137251e+02
1.215541836520555705e+02
1.224858214943875225e+02
1.233985614095585390e+02
1.242925233599696355e+02
5.722491153461947988e+01
5.834454073921415329e+01
5.949181078654589783e+01
6.066680377255897838e+01
6.186951256996360371e+01
6.309983206005466627e+01
6.435755045777199257e+01
6.564234090302272762e+01
6.695375351391624008e+01
-2.099249577490099838e+01
-2.161955412066623694e+01
-2.228326703604142267e+01
-2.298675043310259980e+01
-2.373345687004177762e+01
-2.452721744488798095e+01
-2.537228899268887972e+01
-2.627340705668848386e+01
-2.723584501771011901e+01
-1.477899184558100387e+02
-1.485639391654846122e+02
-1.493051976423341500e+02
-1.500154978210489958e+02
-1.506965342317629961e+02
-1.513498977843780722e+02
-1.519770815581918555e+02
-1.525794865068876334e+02
-1.531584270133610062e+02
1.256315708959187702e+02
1.271544692940672405e+02
1.286184084846917415e+02
1.300249443577348245e+02
1.313757901747592598e+02
1.326727741401242895e+02
1.339178026614659700e+02
1.351128290182158196e+02
1.362598270397504336e+02
1.126864275505877799e+02
1.138309831116584974e+02
1.149556935280266146e+02
1.160602264546944298e+02
1.171443213072943195e+02
1.182077855525804182e+02
1.192504907428139518e+02
1.202723683716893106e+02
1.212734056228130441e+02
5.152555488440765430e+01
5.272117727326073577e+01
5.395602393482272419e+01
5.523085260764864302e+01
5.654631249908175050e+01
5.790292349903739932e+01
5.930105398822379925e+01
6.074089751408311599e+01
6.222244871420971890e+01
1.246108352979351537e+02
1.256995293711278521e+02
1.267592878409149932e+02
1.277905525474469925e+02
1.287938157584366934e+02
1.297696120810698801e+02
1.307185110135984303e+02
1.316411101413300173e+02
1.316411101413300173e+02
6.295423963893688324e+01
6.443430911576541575e+01
6.595187718248587316e+01
6.750617775931607412e+01
6.909619131432913264e+01
7.072063130077890492e+01
7.237793393471667969e+01
7.406625207273629030e+01
7.578345390549503691e+01
7.963516044888319811e+01
8.099074557170376920e+01
8.235657577829209686e+01
8.373119939746152340e+01
8.511310560217981447e+01
8.650073369947386936e+01
8.789248325763469438e+01
8.928672491466517158e+01
9.068181169041571366e+01
6.181068165144930049e+01
6.327456344669516852e+01
6.477709464424071939e+01
6.631767837364310481e+01
6.789546736550708772e+01
6.950934759744409064e+01
7.115792485697267011e+01
7.283951503842629904e+01
7.455213897760953046e+01
1.077222295370128791e+02
1.088458692705013959e+02
1.099546669068499511e+02
1.110481008911138758e+02
1.121257087393825600e+02
1.131870860023306022e+02
1.142318848411659928e+02
1.152598122656469002e+02
1.162706280842974991e+02
1.252283204952169626e+02
1.262808856468532497e+02
1.273058111596973561e+02
1.283035411396305392e+02
1.292745624312200334e+02
1.302193975568108613e+02
1.311385982307436677e+02
1.320327394468579030e+02
1.329024141275642990e+02
6.652002216221876552e+01
6.790536039861746076e+01
6.931843264113177838e+01
7.075831049137804030e+01
7.222389478635830073e+01
7.371391245547840754e+01
7.522691569968350223e+01
7.676128376105839379e+01
7.831522749998657673e+01
9.141587052984112916e+01
9.311542720561999431e+01
9.480951529203656492e+01
9.649521845843497658e+01
9.816970703738047632e+01
9.983026526057216188e+01
1.014743156652548350e+02
1.030994401783786998e+02
1.047033975293924755e+02
1.195981614197623344e+02
1.215465013105939533e+02
1.234167812675311779e+02
1.252098510010543748e+02
1.269270963548659950e+02
1.285703335208966394e+02
1.301417128800340777e+02
1.316436337332828259e+02
1.330786703297098370e+02
7.548428557024146812e+01
7.814464831287827451e+01
8.085786368175283201e+01
8.361303988271191656e+01
8.639817599023200501e+01
8.920044741935336674e+01
9.200654644679616467e+01
9.480305622061138138e+01
9.757683245501519309e+01
7.269192580343542431e+00
8.062719638346152351e+00
9.049107166821983128e+00
1.030751900180632674e+01
1.196656030705480589e+01
1.424900924014815473e+01
1.757373357487600174e+01
2.281600615328159165e+01
3.205900977695873166e+01
-1.260938441976168320e+02
-1.299710113288130060e+02
-1.334536306664100493e+02
-1.365769211546684687e+02
-1.393778430493618998e+02
-1.418923608339831048e+02
-1.441539310157672844e+02
-1.461928112748354067e+02
-1.480358775422301960e+02
1.184399101041455253e+02
1.205663774127159229e+02
1.226035745527679239e+02
1.245521771450787014e+02
1.264136227301971758e+02
1.281899591998763128e+02
1.298837063678730885e+02
1.314977332478767380e+02
1.330351520285777553e+02
7.152637891417063543e+01
7.483434069580681580e+01
7.824905400925229060e+01
8.175047929884755149e+01
8.531498918813639420e+01
8.891617183764935817e+01
9.252592775976432904e+01
9.611575552748325890e+01
9.965808367014545865e+01
1.275353994714869827e+02
1.295416434181310592e+02
1.356927436189716047e+02
1.203230051714073170e+02
1.217631988486502905e+02
1.231599276267339462e+02
1.245135442495068787e+02
1.258245724982063223e+02
1.270936821134123704e+02
1.283216652685067061e+02
1.295094148237671448e+02
1.306579044925195490e+02
7.271259167978679727e+01
7.441418367744817886e+01
7.614443393759552237e+01
7.790084146791038222e+01
7.968063306166008886e+01
8.148078127864229714e+01
8.329802884979656596e+01
8.512891923837595698e+01
8.696983280080735312e+01
