1.099999999999999867e+00
2.300000000000002043e+00
1.199999999999995737e+00
4.699999999999983302e+00
2.799999999999990052e+00
2.100000000000019185e+00
4.800000000000068212e+00
1.700000000000024158e+00
5.200000000000073896e+00
1.100000000000015632e+00
1.100000000000015632e+00
1.200000000000017053e+00
4.500000000000063949e+00
5.600000000000079581e+00
1.200000000000017053e+00
3.800000000000054001e+00
1.400000000000019895e+00
4.000000000000056843e+00
1.400000000000019895e+00
2.699999999999874944e+00
1.299999999999926104e+00
1.199999999999931788e+00
4.599999999999738520e+00
3.799999999999783995e+00
1.899999999999891998e+00
1.299999999999926104e+00
1.199999999999931788e+00
1.399999999999920419e+00
5.599999999999681677e+00
4.699999999999732836e+00
3.099999999999823785e+00
1.199999999999931788e+00
1.399999999999920419e+00
5.499999999999687361e+00
1.499999999999914735e+00
1.399999999999920419e+00
1.199999999999931788e+00
1.599999999999909051e+00
1.089999999999939462e+01
1.299999999999926104e+00
1.199999999999931788e+00
1.199999999999931788e+00
1.699999999999903366e+00
9.499999999999459988e+00
1.199999999999931788e+00
1.699999999999903366e+00
3.099999999999823785e+00
6.499999999999630518e+00
1.199999999999931788e+00
1.199999999999931788e+00
1.199999999999931788e+00
1.199999999999931788e+00
2.399999999999863576e+00
1.499999999999914735e+00
4.799999999999727152e+00
1.199999999999931788e+00
1.199999999999931788e+00
1.199999999999931788e+00
6.699999999999619149e+00
5.199999999999704414e+00
4.499999999999744205e+00
6.699999999999619149e+00
2.999999999999829470e+00
1.199999999999931788e+00
1.199999999999931788e+00
1.299999999999926104e+00
7.899999999999550937e+00
1.799999999999897682e+00
1.199999999999931788e+00
1.199999999999931788e+00
1.599999999999909051e+00
7.600000000000193268e+00
1.600000000000363798e+00
1.100000000000250111e+00
1.100000000000250111e+00
1.100000000000250111e+00
1.200000000000272848e+00
1.230000000000279670e+01
1.100000000000250111e+00
1.500000000000341061e+00
1.100000000000250111e+00
1.100000000000250111e+00
1.400000000000318323e+00
2.700000000000613909e+00
2.500000000000568434e+00
1.900000000000432010e+00
1.300000000000295586e+00
1.300000000000295586e+00
7.900000000001796252e+00
1.400000000000318323e+00
1.100000000000250111e+00
9.300000000002114575e+00
2.500000000000568434e+00
2.400000000000545697e+00
1.100000000000250111e+00
1.100000000000250111e+00
6.900000000001568878e+00
1.100000000000250111e+00
3.200000000000727596e+00
2.200000000000500222e+00
1.100000000000250111e+00
3.200000000000727596e+00
1.700000000000386535e+00
1.100000000000250111e+00
7.600000000001728040e+00
1.200000000000272848e+00
6.300000000001432454e+00
6.000000000001364242e+00
2.400000000000545697e+00
2.100000000000477485e+00
1.600000000000363798e+00
1.700000000000386535e+00
1.100000000000250111e+00
6.800000000001546141e+00
1.200000000000272848e+00
5.200000000001182343e+00
1.100000000000250111e+00
1.100000000000250111e+00
7.700000000001750777e+00
1.400000000000318323e+00
4.400000000001000444e+00
1.400000000000318323e+00
1.200000000000272848e+00
1.200000000000272848e+00
3.200000000000727596e+00
1.400000000000318323e+00
2.000000000000454747e+00
3.900000000000886757e+00
1.100000000000250111e+00
4.700000000001068656e+00
1.100000000000250111e+00
6.800000000001546141e+00
1.600000000000363798e+00
6.300000000001432454e+00
1.800000000000409273e+00
4.100000000000932232e+00
1.100000000000250111e+00
1.800000000000409273e+00
